1.3333333333333333
1.4
1.3333333333333333
1.4
1.2
1.4
1.4
1.3333333333333333
1.4
1.4
1.3333333333333333
1.4
1.3333333333333333
1.3333333333333333
1.3333333333333333
1.3333333333333333
1.4
1.3333333333333333
1.4
1.4
1.4
1.3333333333333333
1.4
1.4
1.3333333333333333
1.4
1.4
1.4
1.3333333333333333
1.4
1.4
1.4
1.4
1.2666666666666666
1.4
1.4
1.3333333333333333
1.3333333333333333
1.3333333333333333
1.4
1.4
1.4
1.4
1.3333333333333333
1.4
1.4
1.2666666666666666
1.4
1.4
1.3333333333333333
1.4
1.4
1.4
1.4
1.4
1.2666666666666666
1.3333333333333333
1.3333333333333333
1.4
1.3333333333333333
1.4
1.4
1.3333333333333333
1.4
1.4
1.4
1.4
1.2666666666666666
1.3333333333333333
1.4
1.4
