0.7355842120668632
0.9573629217780254
0.7363421413212802
0.9569621265641466
0.29568160336628163
0.9561206464208757
0.9560005919014748
0.7368368077729064
0.9565134862732314
0.95744879202678
0.736651682064563
0.9557555396089136
0.7350052697466263
0.736772511215778
0.7368544884383366
0.7371131944875154
0.9561480958073201
0.7370060634982988
0.9570739280047682
0.9564861249896599
0.9568541721421782
0.7367048709360012
0.95692106285088
0.955933335695947
0.7366233151395895
0.954728425645682
0.9571713554418739
0.9572956277079098
0.7370034602018188
0.9548850704261745
0.9549439584460296
0.9577081423327808
0.9581045657254073
0.5153876348723576
0.9568526126224315
0.9568002937582215
0.736715271741366
0.7365204194414601
0.7365345190414169
0.956455475580885
0.9567448288580488
0.9575655151725313
0.9576879612809365
0.7368685451672827
0.9572153884286723
0.9572669030275615
0.5162214415191728
0.9569833208361603
0.9573421198712727
0.7366496967678334
0.9547548162355398
0.9565184590329443
0.9567942506841827
0.9562943945855364
0.9568941152046196
0.5154054646556957
0.7366320159258083
0.8044752780775368
0.9573268589821632
0.7367326059577498
0.9569749706158698
0.9574962460276754
0.7359524940775238
0.9568377895400245
0.9575887505581845
0.9576927527892367
0.9566890669904409
0.5162164136703764
0.7356190022902005
0.9576587381017486
0.9565546043056358
