533.3333333333335
542.857142857143
533.3333333333335
542.857142857143
514.2857142857143
542.857142857143
542.857142857143
533.3333333333335
542.857142857143
542.857142857143
533.3333333333335
542.857142857143
533.3333333333335
533.3333333333335
533.3333333333335
533.3333333333335
542.857142857143
533.3333333333335
542.857142857143
542.857142857143
542.857142857143
533.3333333333335
542.857142857143
542.857142857143
533.3333333333335
542.857142857143
542.857142857143
542.857142857143
533.3333333333335
542.857142857143
542.857142857143
542.857142857143
542.857142857143
523.809523809524
542.857142857143
542.857142857143
533.3333333333335
533.3333333333335
533.3333333333335
542.857142857143
542.857142857143
542.857142857143
542.857142857143
533.3333333333335
542.857142857143
542.857142857143
523.809523809524
542.857142857143
542.857142857143
533.3333333333335
542.857142857143
542.857142857143
542.857142857143
542.857142857143
542.857142857143
523.809523809524
533.3333333333335
533.3333333333335
542.857142857143
533.3333333333335
542.857142857143
542.857142857143
533.3333333333335
542.857142857143
542.857142857143
542.857142857143
542.857142857143
523.809523809524
533.3333333333335
542.857142857143
542.857142857143
