44225.30859375
13532012.0
17035418.0
3129298.75
114094584.0
1428520.25
16341131.0
751368.1875
117923568.0
40423272.0
105714648.0
76826064.0
97013712.0
66445044.0
74606928.0
64692940.0
134260512.0
15585.9697265625
24464726.0
8003644.5
31393872.0
33937080.0
5819232.0
52872092.0
35535760.0
17208.64453125
157231904.0
222600336.0
66693248.0
47618500.0
133120504.0
51854500.0
11748151.0
6401380.5
46112060.0
35185404.0
23942.919921875
97521520.0
48970476.0
13788895.0
6109703.0
4686023.0
182471200.0
218802032.0
101606808.0
130123488.0
102144784.0
170454464.0
78111392.0
22070696.0
24555148.0
65552596.0
202840032.0
54876352.0
89395960.0
26373404.0
72436944.0
59767588.0
81053496.0
133550728.0
134193528.0
43278876.0
74131360.0
46584024.0
72518944.0
51381296.0
66614472.0
23008054.0
42030088.0
81530896.0
81639952.0
