94.86666666666666
95.2
94.8
95.2
94.53333333333333
94.06666666666666
95.26666666666667
95.4
95.2
95.66666666666667
95.0
95.33333333333333
93.4
93.73333333333333
94.86666666666666
93.33333333333333
94.53333333333333
93.53333333333333
92.33333333333333
93.33333333333333
91.73333333333333
92.33333333333333
91.86666666666666
91.0
94.13333333333334
94.6
94.2
95.13333333333334
94.8
95.53333333333333
94.53333333333333
94.86666666666666
95.33333333333333
95.33333333333333
95.13333333333334
95.4
95.06666666666666
95.33333333333333
94.2
95.13333333333334
95.33333333333333
94.6
94.73333333333333
95.26666666666667
94.53333333333333
94.33333333333333
94.73333333333333
95.26666666666667
95.13333333333334
95.06666666666666
94.8
94.46666666666667
95.0
94.73333333333333
93.06666666666666
94.86666666666666
94.8
94.4
94.66666666666667
94.6
95.13333333333334
94.66666666666667
94.93333333333334
94.93333333333334
94.46666666666667
94.66666666666667
94.26666666666667
94.73333333333333
94.73333333333333
94.86666666666666
95.26666666666667
